ISS (ZARYA)
1 25544U 98067A   26247.72636574  .00000000  00000-0  00000-0 0  9990
2 25544  51.6400 120.0000 0001000   0.0000 128.0000 15.50000000 10000
SO-50
1 27607U 98067A   26247.72636574  .00000000  00000-0  00000-0 0  9990
2 27607  64.5500 200.0000 0001000   0.0000 139.0000 14.85000000 10000
AO-91 (RADFXSAT)
1 43017U 98067A   26247.72636574  .00000000  00000-0  00000-0 0  9990
2 43017  97.7000  40.0000 0001000   0.0000  69.0000 14.79000000 10000
PO-101 (DIWATA-2B)
1 43678U 98067A   26247.72636574  .00000000  00000-0  00000-0 0  9990
2 43678  97.8000 300.0000 0001000   0.0000  46.0000 14.94000000 10000
RS-44 (DOSAAF-85)
1 44909U 98067A   26247.72636574  .00000000  00000-0  00000-0 0  9990
2 44909  82.5200 100.0000 0001000   0.0000 233.0000 11.75000000 10000
FO-29 (JAS-2)
1 24278U 98067A   26247.72636574  .00000000  00000-0  00000-0 0  9990
2 24278  98.5300 260.0000 0001000   0.0000  86.0000 12.80000000 10000
AO-73 (FUNCUBE-1)
1 39444U 98067A   26247.72636574  .00000000  00000-0  00000-0 0  9990
2 39444  97.6000  15.0000 0001000   0.0000 348.0000 14.80000000 10000
AO-7 (OSCAR 7)
1 07530U 98067A   26247.72636574  .00000000  00000-0  00000-0 0  9990
2 07530 101.9800 330.0000 0001000   0.0000 330.0000 12.53000000 10000
GREENCUBE (IO-117)
1 53106U 98067A   26247.72636574  .00000000  00000-0  00000-0 0  9990
2 53106  70.0000  50.0000 0001000   0.0000  42.0000  4.90000000 10000
